[73, 69, 60, 20, 64, 68, 99, 4, 36, 9, 91, 42, 75, 43, 8, 77, 55, 70, 84, 37, 3, 93]
[85, 46, 47, 99, 58, 35, 83, 3, 57, 18, 52, 17, 97, 16, 6, 51, 84, 62, 1, 41, 88, 87]
[97, 34, 31, 80, 19, 57, 10, 84, 4, 50, 43, 63, 65, 88, 30, 72, 21, 36, 27, 41, 86, 79]
[31, 23, 68, 67, 30, 47, 27, 40, 73, 63, 11, 89, 18, 5, 9, 74, 88, 38, 8, 20, 50, 83]
[88, 5, 85, 82, 36, 74, 6, 15, 40, 55, 95, 8, 84, 47, 96, 33, 25, 29, 77, 67, 26, 39]
[54, 53, 0, 37, 66, 91, 39, 38, 57, 6, 47, 28, 49, 92, 29, 85, 88, 84, 90, 13, 35, 52]
[80, 18, 26, 91, 10, 52, 11, 99, 85, 75, 60, 48, 36, 74, 55, 51, 86, 49, 89, 29, 82, 16]
[35, 70, 42, 44, 18, 65, 84, 71, 26, 14, 38, 28, 21, 86, 20, 54, 30, 11, 66, 10, 69, 77]
[71, 25, 43, 23, 29, 6, 33, 44, 5, 30, 32, 18, 47, 13, 76, 8, 83, 87, 57, 26, 16, 19]
[29, 51, 7, 62, 94, 32, 57, 1, 71, 84, 92, 16, 18, 19, 56, 52, 40, 80, 98, 44, 82, 33]
[67, 14, 93, 91, 78, 80, 7, 37, 10, 82, 38, 83, 23, 27, 17, 76, 74, 18, 66, 24, 99, 43]
[29, 56, 44, 54, 70, 31, 10, 38, 8, 85, 18, 22, 32, 49, 2, 21, 50, 5, 25, 48, 90, 84]
[23, 33, 90, 7, 42, 71, 25, 58, 5, 47, 54, 18, 97, 72, 2, 1, 68, 64, 76, 85, 69, 49]
[77, 67, 52, 31, 35, 6, 56, 94, 81, 23, 78, 50, 15, 10, 28, 69, 43, 91, 82, 72, 99, 38]
[20, 47, 52, 27, 73, 64, 9, 62, 3, 57, 2, 97, 44, 35, 89, 10, 18, 29, 58, 56, 74, 84]
[66, 11, 76, 91, 70, 9, 6, 75, 32, 71, 44, 48, 88, 20, 98, 97, 79, 63, 47, 78, 60, 81]
[43, 13, 70, 23, 31, 69, 52, 30, 2, 78, 0, 37, 73, 93, 18, 1, 51, 62, 25, 68, 65, 87]
[24, 86, 29, 0, 93, 51, 53, 47, 16, 40, 94, 98, 88, 64, 41, 83, 44, 35, 45, 75, 17, 46]
[33, 12, 63, 77, 25, 24, 47, 58, 6, 89, 97, 27, 21, 96, 92, 50, 82, 76, 5, 62, 56, 44]
[12, 36, 16, 44, 19, 62, 43, 80, 58, 98, 69, 97, 1, 7, 49, 26, 70, 34, 53, 13, 65, 48]
[51, 74, 76, 98, 33, 78, 44, 45, 4, 65, 99, 84, 80, 93, 37, 56, 77, 9, 6, 94, 52, 88]
[80, 38, 88, 66, 7, 40, 70, 24, 2, 12, 76, 18, 57, 73, 58, 83, 33, 17, 89, 69, 77, 67]
[18, 53, 14, 24, 94, 42, 61, 75, 62, 60, 73, 2, 65, 48, 80, 23, 44, 91, 7, 0, 31, 71]
[16, 54, 87, 75, 8, 23, 33, 56, 22, 63, 1, 2, 25, 6, 84, 80, 4, 49, 17, 42, 14, 43]